1000130001 565501.41 1187927.40 0.00
1000130002 565492.18 1187931.27 0.00
1000130003 565480.29 1187928.16 0.00
1000130004 565474.47 1187934.21 0.00
1000130014 565458.78 1187877.93 0.00
1000130015 565488.40 1187938.32 0.00
1000130016 565482.09 1187927.75 0.00
1000130017 565478.37 1187934.95 0.00
1000130018 565474.39 1187931.90 0.00
1000130019 565473.27 1187932.67 0.00
1000130020 565467.96 1187924.43 0.00
1000130021 565465.61 1187920.98 0.00
1000130022 565464.96 1187921.41 0.00
1000130023 565463.75 1187918.19 0.00
1000130024 565462.91 1187916.82 0.00
1000130025 565461.86 1187915.04 0.00
1000130026 565459.11 1187910.93 0.00
1000130027 565459.84 1187910.67 0.00
1000130029 565460.69 1187909.44 0.00
1000130030 565466.48 1187906.22 0.00
1000130031 565468.05 1187905.45 0.00
1000130032 565471.39 1187913.98 0.00
1000130033 565471.84 1187914.75 0.00
1000130034 565472.94 1187916.43 0.00
1000130035 565474.91 1187919.69 0.00
1000130036 565476.56 1187919.16 0.00
1000130037 565476.22 1187905.86 0.00
1000130038 565474.06 1187902.39 0.00
1000130039 565472.37 1187902.87 0.00
1000130040 565485.18 1187920.05 0.00
1000130041 565487.11 1187923.21 0.00
1000130042 565488.38 1187925.14 0.00
1000130043 565488.90 1187926.19 0.00
1000130044 565485.77 1187917.71 0.00
1000130045 565472.89 1187885.10 0.00
1000130046 565474.10 1187884.35 0.00
1000130047 565470.62 1187878.80 0.00
1000130048 565461.08 1187876.57 0.00
1000130049 565473.79 1187897.52 0.00
1000130050 565469.80 1187895.68 0.00
1000130051 565469.16 1187894.59 0.00
1000130052 565470.86 1187894.88 0.00
1000130053 565471.73 1187894.37 0.00
1000130054 565471.16 1187893.42 0.00
1000130055 565470.21 1187893.91 0.00
1000130056 565467.88 1187892.42 0.00
1000130057 565466.16 1187889.83 0.00
1000130058 565457.47 1187878.73 0.00
1000130059 565453.26 1187881.90 0.00
1000130060 565462.18 1187896.03 0.00
1000130061 565466.48 1187893.43 0.00
1000130062 565449.08 1187898.35 0.00
1000130063 565448.21 1187893.13 0.00
1000130064 565447.29 1187891.40 0.00
1000130065 565441.50 1187882.48 0.00
1000130066 565470.08 1187934.65 0.00
1000130067 565471.29 1187936.38 0.00
1000130068 565472.31 1187938.23 0.00
1000130069 565492.42 1187934.86 0.00
1000130070 565498.52 1187922.97 0.00
1000130071 565497.22 1187923.72 0.00
1000130072 565495.69 1187923.47 0.00
1000130073 565496.61 1187922.87 0.00
1000130074 565495.64 1187918.34 0.00
1000130075 565494.62 1187919.78 0.00
1000130076 565493.67 1187920.31 0.00
1000130077 565494.19 1187918.89 0.00
1000130078 565492.15 1187915.67 0.00
1000130079 565491.23 1187924.78 0.00
1000130080 565490.67 1187923.76 0.00
1000130081 565489.57 1187924.43 0.00
1000130082 565490.19 1187925.31 0.00
1000130083 565482.12 1187897.02 0.00
1000130084 565477.93 1187893.21 0.00
1000130085 565476.94 1187893.93 0.00
1000130086 565473.79 1187888.84 0.00
1000130087 565475.42 1187889.21 0.00
1000130091 565462.78 1187903.87 0.00
1000130092 565460.81 1187900.94 0.00
1000130093 565459.07 1187898.01 0.00
1000130094 565452.55 1187906.73 0.00
1000130095 565453.77 1187884.28 0.00
1000130096 565464.22 1187888.07 0.00
1000130097 565490.89 1187930.31 0.00
1000130098 565479.77 1187925.68 0.00
1000130099 565468.52 1187907.86 0.00

