610844000130001     595975.720    1158246.973     258.269              
610844000130002     595975.430    1158246.915     258.757              
610844000130003     595975.148    1158246.939     258.525              
610844000130004     595977.833    1158247.492     258.225              
610844000130005     595979.315    1158247.727     258.276              
610844000130006     595980.506    1158247.982     258.236              
610844000130007     595987.667    1158247.603     258.432              
610844000130008     595977.830    1158238.630     258.329              
610844000130009     595977.565    1158238.565     258.790              
610844000130010     595977.281    1158238.577     258.552              
610844000130011     595979.185    1158238.361     258.238              
610844000130012     595980.645    1158238.391     258.253              
610844000130013     595981.629    1158238.423     258.206              
610844000130014     595978.947    1158233.905     258.322              
610844000130015     595978.505    1158233.703     258.715              
610844000130016     595978.849    1158233.194     258.132              
610844000130017     595978.719    1158232.804     257.868              
610844000130018     595980.125    1158230.087     258.218              
610844000130019     595981.520    1158230.343     258.271              
610844000130020     595982.740    1158231.344     258.173              
610844000130021     595979.764    1158224.971     258.206              
610844000130022     595979.904    1158223.614     258.176              
610844000130023     595982.537    1158224.012     258.339              
610844000130024     595982.681    1158222.819     258.395              
610844000130025     595982.498    1158220.220     258.187              
610844000130026     595983.441    1158220.330     258.231              
610844000130027     595980.796    1158220.051     258.018              
610844000130028     595980.426    1158220.641     257.999              
610844000130029     595984.640    1158208.378     258.396              
610844000130030     595984.921    1158205.518     258.403              
610844000130031     595983.895    1158205.744     258.425              
610844000130032     595982.402    1158205.535     258.460              
610844000130033     595981.481    1158206.271     258.454              
610844000130034     595982.185    1158207.750     258.392              
610844000130035     595981.363    1158207.700     258.396              
610844000130036     595981.166    1158207.704     258.382              
610844000130037     595981.044    1158208.959     258.364              
610844000130038     595980.748    1158211.720     258.356              
610844000130039     595980.938    1158211.882     258.371              
610844000130040     595980.873    1158213.238     258.481              
610844000130041     595981.459    1158211.883     258.348              
610844000130042     595981.049    1158214.869     258.132              
610844000130043     595979.634    1158215.710     257.917              
610844000130044     595976.109    1158216.957     257.376              
610844000130045     595991.467    1158209.662     258.594              
610844000130046     595990.526    1158219.645     258.534              
610844000130047     595991.458    1158226.473     258.500              
610844000130048     595993.672    1158227.483     258.449              
610844000130049     595993.923    1158234.043     258.430              
610844000130050     595990.888    1158232.740     258.482              
610844000130051     595989.850    1158232.852     258.532              
610844000130052     595989.149    1158234.210     258.480              
610844000130053     595987.013    1158252.535     258.400              
610844000130054     595987.991    1158245.522     258.431              
610844000130100     595980.297    1158249.828     258.259              
610844000130101     595979.039    1158249.633     258.259              
610844000130102     595977.545    1158249.425     258.269              
610844000130103     595975.163    1158249.184     258.289              
610844000130104     595974.858    1158249.158     258.289              
610844000130105     595974.601    1158249.122     258.279              
610844000130106     595969.710    1158245.289     255.709              
610844000130107     595964.454    1158242.128     255.709              
610844000130108     595959.534    1158235.633     255.729              
610844000130109     595959.785    1158234.652     255.739              
610844000130110     595958.192    1158233.605     255.739              
610844000130111     595960.249    1158222.370     256.249              
610844000130112     595960.414    1158221.722     256.249              
610844000130113     595967.733    1158223.591     256.249              
610844000130114     595959.539    1158220.839     256.249              
610844000130115     595959.577    1158216.908     256.082              
610844000130116     595959.720    1158211.594     257.209              
610844000130117     595980.425    1158211.858     258.349              
610844000130118     595984.262    1158212.170     258.349              
610844000130119     595983.977    1158204.900     258.449              
610844000130120     595982.466    1158204.807     258.449              
610844000130121     595984.973    1158204.957     258.469              
610844000130122     595980.636    1158206.202     258.479              
610844000130123     595980.756    1158204.771     258.489              
610844000130124     595991.824    1158205.890     258.639              
610844000130125     595996.700    1158227.809     258.469              
610844000130126     595995.955    1158234.912     258.469              
610844000130127     595989.220    1158233.588     258.509              
610844000130128     595983.697    1158207.871     258.409              
610844000130129     595977.220    1158222.769     257.319              
610844000130130     595984.704    1158207.910     258.409              
610844000130055     595978.671    1158221.345     257.590              
610844000130056     595976.594    1158226.994     257.015              
610844000130057     595976.600    1158228.564     257.283              
610844000130058     595975.670    1158230.445     256.941              
610844000130059     595976.573    1158231.340     257.077              
610844000130060     595977.931    1158233.388     257.448              
610844000130061     595973.346    1158231.153     256.155              
610844000130062     595973.179    1158231.680     256.118              
610844000130063     595974.376    1158227.280     256.486              
610844000130064     595975.810    1158224.609     256.802              
610844000130065     595978.437    1158234.121     255.947              
610844000130066     595977.509    1158237.826     256.026              
610844000130067     595976.451    1158237.572     255.976              
610844000130068     595976.240    1158238.224     255.957              
610844000130069     595973.367    1158236.164     255.750              
610844000130070     595973.538    1158237.230     255.867              
610844000130071     595972.984    1158237.092     255.862              
610844000130072     595971.785    1158237.104     255.770              
610844000130073     595971.670    1158237.534     255.711              
610844000130074     595971.118    1158239.711     255.694              
610844000130075     595965.214    1158238.981     255.595              
610844000130076     595965.640    1158237.259     255.665              
610844000130077     595965.889    1158236.282     255.714              
610844000130078     595964.100    1158235.114     255.687              
610844000130079     595964.575    1158235.934     255.709              
610844000130080     595968.802    1158224.545     256.552              
610844000130081     595968.837    1158223.246     256.587              
610844000130082     595966.374    1158221.373     256.205              
610844000130083     595964.589    1158217.292     255.939              
610844000130084     595971.360    1158217.832     256.772              
610844000130085     595966.916    1158224.071     258.249              
610844000130086     595970.249    1158212.421     257.243              
610844000130087     595971.791    1158237.103     258.466              
